          78         588
         431         942
         407         918
         193         703
         407         918
          95         606
          55         566
         447         958
         417         927
         383         894
         375         886
         471         982
         233         743
         161         671
         372         881
         153         663
          95         606
         174         684
         281         791
           7         518
         425         935
         191         702
         129         639
         113         623
         428         937
         254         764
          95         606
         284         793
         239         750
          84         593
         335         846
         492        1001
         391         902
         348         857
         185         695
         481         991
         366         876
         511        1022
          23         534
         292         801
          62         572
         201         711
         238         748
         118         628
         375         886
         175         686
         174         684
         497        1007
         452         961
         327         838
         470         980
         124         633
         156         665
          52         561
         260         769
         444         953
         407         918
         335         846
         188         697
         441         951
         359         870
          20         529
         353         863
         254         764
          23         534
         300         809
          44         553
         222         732
          14         524
         239         750
         158         668
         471         982
         230         740
         425         935
          70         580
         468         977
         340         849
         425         935
          49         559
         124         633
         166         676
          97         607
          86         596
         431         942
         183         694
         503        1014
         252         761
         238         748
         217         727
          31         542
         487         998
         286         796
         383         894
         265         775
         374         884
         447         958
         351         862
          12         521
           9         519
          14         524
         196         705
          86         596
         313         823
         327         838
         230         740
         350         860
          63         574
         390         900
         457         967
          38         548
         497        1007
         156         665
         103         614
         300         809
         303         814
         238         748
         359         870
         246         756
         185         695
         129         639
         220         729
         465         975
         462         972
          12         521
         425         935
         412         921
         487         998
         287         798
