         431         942
         137         647
         350         860
         209         719
          73         583
         151         662
          22         532
          73         583
         159         670
         135         646
         484         993
         249         759
         359         870
         225         735
          52         561
         470         980
           1         511
         252         761
         308         817
         268         777
         460         969
         473         983
         294         804
         105         615
         281         791
         100         609
          55         566
          41         551
         305         815
         487         998
         254         764
         390         900
         300         809
         278         788
          65         575
         110         620
          62         572
         404         913
         209         719
         190         700
         503        1014
         220         729
         111         622
         407         918
           6         516
         391         902
         460         969
         446         956
         401         911
         225         735
         103         614
         268         777
         391         902
         137         647
         406         916
         103         614
          97         607
         175         686
         238         748
          94         604
          60         569
         486         996
         438         948
         182         692
          57         567
          79         590
         156         665
         455         966
         217         727
         465         975
          23         534
           7         518
         223         734
         409         919
         380         889
          22         532
         356         865
         479         990
         257         767
          28         537
         383         894
          33         543
         364         873
         471         982
         441         951
         313         823
         478         988
         166         676
         326         836
         169         679
         294         804
         140         649
         337         847
         508        1017
         447         958
         294         804
         460         969
         140         649
          89         599
          60         569
         383         894
         156         665
         103         614
         316         825
         452         961
         497        1007
         465         975
         439         950
          65         575
         489         999
         177         687
         151         662
         257         767
         327         838
         433         943
         503        1014
         127         638
         161         671
          49         559
         201         711
          62         572
         487         998
         241         751
         423         934
         191         702
         230         740
         380         889
          33         543
