    0  -66.643
    1  -66.645    
    2  -66.644
    3  -66.650
    4  -66.650
    5  -66.650
    6  -66.650
    7  -66.649
    8  -66.579
    9  -66.578
   10  -66.578
   11  -66.580
   12  -66.574
   13  -66.574
   14  -66.575
   15  -66.569
   16  -66.569
   17  -66.577
   18  -66.576
   19  -66.576
   20  -66.575
   21  -66.572
   22  -66.571
   23  -66.558
   24  -66.546
   25  -66.545
   26  -66.545
   27  -66.540
   28  -66.539
   29  -66.539
   30  -66.525
   31  -66.523
   32  -66.520
   33  -66.519
   34  -66.518
   35  -66.514
   36  -66.515
   37  -66.514
   38  -66.513
   39  -66.507
   40  -66.507
   41  -66.509
   42  -66.509
   43  -66.510
   44  -66.510
   45  -66.508
   46  -66.506
   47  -66.506
   48  -66.512
   49  -66.513
   50  -66.513
   51  -66.507
   52  -66.507
   53  -66.518
   54  -66.518
   55  -66.520
   56  -66.518
   57  -66.520
   58  -66.520
   59  -66.517
   60  -66.516
   61  -66.516
   62  -66.514
   63  -66.543
   64  -66.543
   65  -66.423
   66  -66.422
   67  -66.421
   68  -66.422
   69  -66.426
   70  -66.417
   71  -66.409
   72  -66.391
   73  -66.358
   74  -66.353
   75  -66.354
   76  -66.355
   77  -66.355
   78  -66.352
   79  -66.352
   80  -66.351
   81  -66.350
   82  -66.350
   83  -66.348
   84  -66.348
   85  -66.347
   86  -66.347
   87  -66.352
   88  -66.353
   89  -66.347
   90  -66.371
   91  -66.374
   92  -66.389
   93  -66.507
   94  -66.499
   95  -66.497
   96  -66.496
   97  -66.524
   98  -66.532
   99  -66.529
  100  -66.529
  101  -66.531
  102  -66.532
  103  -66.531
  104  -66.542
  105  -66.544
  106  -66.544
  107  -66.544
  108  -66.544
  109  -66.544
  110  -66.545
  111  -66.616
  112  -66.616
  113  -66.609
  114  -66.612
  115  -66.614
  116  -66.612
  117  -66.614
  118  -66.605
  119  -66.604
  120  -66.603
  121  -66.604
  122  -66.605
  123  -66.603
  124  -66.603
  125  -66.601
  126  -66.602
  127  -66.601
  128  -66.600
